930 ms
[3797, 2393]
[5472, 4948]
[1884, 1367]
[3128, 7584]
[4044, 9207]
[9902, 7427]
[7272, 9330]
[2010, 9687]
[3662, 9258]
[850, 5335, 2280, 2329, 4947, 7486, 2323, 3257, 767, 5021, 9357, 7265, 2663, 801, 3152, 2501, 1356, 7166, 2212, 4359, 5426, 1374, 7338, 8430, 107, 7519, 6900, 4203, 9171, 635, 9660, 5875, 5768, 1094, 3664, 1499, 857, 2089, 9190, 1195, 856, 8020, 1515, 1589, 1169, 1104, 6036, 1157, 1375, 6755, 3900, 1838, 4423, 9403, 3474, 231, 8740, 4504, 1699, 1824, 7003, 7454, 2110, 9705, 1002, 1322, 1704, 910, 2572, 3445, 5711, 912, 757, 7258, 1827, 295, 2397, 2767, 4473, 4708, 9696, 965, 7653, 2782, 2553, 1096, 1369, 1218, 4705, 14, 7839, 3584, 4178, 338, 15, 8673, 9628, 1050, 6491, 8861, 4983, 476, 1839, 5617, 2711, 7875, 2099, 3601, 647, 8366, 4185, 8851, 3719, 5706, 5005, 2529, 8074, 340, 4722, 5059, 8592, 3326, 8921, 5330, 3920, 102, 2507, 791, 4043, 222, 1896, 1208, 1529, 6489, 6167, 7695, 4522, 5690, 3981, 6395, 6014, 142, 3728, 5459, 322, 9085, 8502, 4346, 4569, 6546, 1175, 2250, 4676, 3978, 1436, 1974, 3386, 2201, 468, 2102, 1087, 1440, 2161, 6846, 1544, 2171, 5328, 1484, 1936, 7129, 4827, 3552, 1451, 690, 671, 4230, 2438, 9256, 198, 346, 2800, 3099, 7879, 2473, 4573, 1832, 436, 1003, 2852, 9112, 828, 4215, 9030, 841, 819, 9425, 6991, 2469, 9657, 8872, 6993, 3883, 4418, 3846, 7651, 555, 3519, 7894, 9834, 6727, 1823, 6328, 6138, 259, 1025, 1335, 4931, 301, 3367, 9993, 3787, 3009, 46, 2495, 2592, 5625, 8035, 2347, 5953, 6922, 6986, 2583, 5372, 917, 2502, 6606, 3119, 5976, 2452, 2721, 8164, 4975, 1455, 5217, 1079, 1053, 1383, 873, 4459, 1372, 4017, 1895, 3186, 643, 2963, 5581, 303, 3164, 9665, 2134, 2698, 362, 8044, 7078, 347, 5546, 5178, 3285, 6608, 5872, 332, 5704, 6313, 722, 4647, 4190, 6673, 1938, 740, 747, 175, 6777, 7574, 8003, 3271, 9316, 2845, 5304, 1969, 1671, 1889, 120, 8485, 1277, 8212, 1043, 2456, 7494, 1744, 6587, 2133, 1147, 9594, 622, 3199, 2695, 3720, 7639, 8472, 6146, 2620, 5045, 8262, 1894, 1036, 879, 6041, 7412, 3266, 465, 2333, 1024, 901, 1614, 9132, 9762, 662, 2297, 2547, 3666, 91, 861, 524, 9697, 1117, 3191, 3092, 807, 7006, 5693, 3060, 3269, 6990, 7159, 12, 289, 1658, 8274, 1132, 3068, 5860, 7083, 3955, 1376, 9075, 1547, 1058, 5679, 4061, 6614, 7786, 9147, 3255, 4015, 1186, 93, 3258, 4859, 5198, 7575, 6108, 9524, 5365, 8555, 5496, 7604, 5694, 9679, 8882, 2864, 7851, 8940, 3226, 160, 4288, 8748, 9570, 3233, 4954, 6881, 1037, 8541, 3734, 2610, 7863, 1205, 9720, 6515, 7449, 9547, 5823, 8511, 4932, 1868, 9044, 33, 5257, 3576, 7426, 904, 153, 7382, 1318, 8756, 732, 2379, 623, 9111, 2114, 5069, 9383, 8854, 8264, 1551, 4450, 3201, 402, 8222, 6870, 571, 1019, 4704, 5396, 580, 270, 5356, 2911, 6480, 7977, 7405, 2142, 3797, 7805, 9604, 2028, 553, 9326, 7415, 7906, 6634, 3230, 3109, 170, 492, 3023, 8237, 894, 1668, 8812, 291, 6554, 5011, 5647, 5674, 783, 2398, 516, 3894, 8030, 2180, 154, 1721, 7900, 5957, 4763, 5179, 7470, 1163, 2530, 9165, 6957, 432, 7687, 3307, 5370, 7625, 1423, 1333, 9963, 4104, 5461, 2739, 7593, 1672, 3626, 127, 3699, 7319, 674, 628, 360, 1535, 284, 8820, 9516, 996, 7517, 6626, 4045, 132, 2325, 192, 8668, 2387, 4817, 529, 4495, 7171, 1429, 37, 1135, 6643, 20, 78, 5359, 6397, 510, 6770, 2036, 2654, 2909, 9860, 8836, 1464, 556, 3647, 161, 1696, 815, 6453, 505, 7660, 5081, 4626, 393, 2066, 824, 1902, 1252, 6178, 7895, 6458, 634, 7800, 4943, 337, 579, 4250, 2304, 868, 585, 9599, 4498, 3176, 854, 4245, 1633, 2211, 8078, 1418, 6597, 858, 711, 5097, 3819, 8142, 1494, 3842, 6228, 2000, 5887, 5248, 2460, 6557, 6630, 2083, 7667, 808, 216, 2246, 7531, 8227, 6540, 6097, 1645, 2684, 1300, 2842, 1336, 8325, 1190, 339, 2439, 3627, 7748, 3747, 7058, 1786, 1219, 6273, 7702, 87, 9725, 6289, 2847, 1387, 8804, 4811, 7632, 2226, 6585, 3360, 883, 3932, 6985, 1992, 4726, 4372, 1873, 2999, 3891, 1941, 3933, 1263, 599, 2205, 1417, 229, 9507, 6960, 7158, 1740, 5972, 26, 942, 8420, 23, 2692, 2082, 3714, 941, 500, 5136, 1651, 3029, 6171, 3996, 1850, 1032, 7547, 7736, 4536, 457, 278, 2509, 9817, 2167, 839, 5587, 8532, 686, 244, 2919, 2041, 1530, 6106, 8112, 7353, 787, 370, 6159, 4565, 7814, 756, 5162, 2430, 7544, 1139, 1784, 509, 4652, 32, 3814, 8534, 5910, 638, 323, 4122, 2131, 1966, 1182, 1928, 7709, 914, 9833, 1481, 649, 9896, 2237, 709, 6401, 9759, 2595, 190, 2450, 3252, 3293, 789, 803, 3353, 5398, 9890, 2664, 3703, 2585, 391, 6360, 4806, 1664, 814, 7910, 1433, 5253, 4228, 687, 6681, 279, 3442, 407, 9349, 3222, 2967, 6995, 9228, 830, 6007, 7005, 4600, 4794, 3429, 5865, 2813, 168, 826, 8283, 6984, 5212, 194, 5377, 4791, 3732, 779, 8979, 2433, 1021, 1831, 5914, 6232, 3906, 7596, 2350, 5181, 421, 766, 2567, 6602, 7355, 7484, 4853, 1350, 9078, 5989, 9722, 4221, 6508, 9814, 2716, 3561, 2154, 58, 1965, 9987, 6292, 2006, 9335, 6460, 3028, 4962, 2947, 9047, 954, 1546, 8581, 4951, 1644, 3496, 4531, 2121, 6131, 1133, 3124, 506, 385, 895, 2833, 2096, 8329, 6220, 5870, 4867, 4655, 4152, 9928, 6871, 2775, 2220, 5853, 9769, 4641, 6324, 8328, 1949, 4195, 292, 8507, 3209, 6771, 3775, 5351, 3359, 2701, 2294, 1030, 6731, 2959, 4909, 2488, 1475, 805, 8471, 2968, 4698, 2404, 309, 877, 4331, 307, 9196, 8590, 7345, 3038, 6593, 5507, 1337, 5758, 770, 1742, 6756, 6717, 6473, 9024, 5091, 8232, 4466, 5517, 7979, 9091, 3502, 7997, 9757, 2633, 343, 2674, 1460, 6241, 5145, 9564, 8564, 4300, 3048, 4218, 3578, 4353, 545, 5685, 1616, 4837, 660, 3523, 5302, 4681, 1138, 2838, 1241, 8295, 3074, 4517, 632, 1837, 9374, 2545, 1449, 4532, 2039, 8698, 2285, 1501, 1316, 2328, 4210, 5990, 4468, 2579, 531, 9234, 9106, 1209, 5538, 2608, 479, 2331, 3745, 275, 1373, 1108, 9812, 2128, 321, 3288, 7824, 3510, 1111, 9590, 2913, 7475, 8409, 3404, 7095, 3521, 1230, 5766, 7247, 441, 4137, 5969, 6253, 2784, 2496, 3116, 9186, 5394, 5035, 2560, 2115, 6251, 2170, 1683, 8961, 6666, 392, 7703, 1303, 8128, 2849, 1193, 1452, 316, 546, 3217, 2888, 535, 5894, 81, 8716, 2029, 513, 769, 4841, 7340, 3296, 4850, 8853, 5403, 7806, 7417, 863, 106, 6326, 5149, 5376, 8960, 355, 7168, 3399, 9903, 4654, 7617, 811, 2799, 8446, 986, 7784, 8985, 3061, 7506, 3634, 3010, 6588, 281, 2376, 5745, 1178, 9504, 3390, 939, 8033, 1518, 9487, 3236, 4883, 774, 50, 3662, 5291, 3373, 4732, 1613, 3948, 5427, 7640, 7529, 4759, 6391, 5906, 405, 741, 7884, 1351, 3079, 795, 2174, 3980, 3419, 874, 8072, 3219, 320, 8551, 9810, 2493, 2324, 5536, 2792, 6524, 9436, 5656, 4520, 641, 3114, 9663, 8524, 1707, 8651, 2672, 21, 997, 69, 2710, 6381, 1732, 5981, 797, 4839, 356, 3876, 3837, 1580, 8522, 5554, 3827, 9698, 2219, 3710, 9298, 6694, 4096, 2904, 1662, 9782, 8658, 4622, 6682, 3617, 1424, 6792, 6064, 2264, 3417, 1158, 328, 698, 8085, 6610, 1541, 5864, 1691, 6162, 6409, 6006, 1582, 7065, 1700, 2038, 2975, 5937, 2900, 5155, 5052, 8826, 6635, 5192, 7207, 7067, 8587, 8500, 3351, 2384, 8461, 8620, 1793, 209, 1933, 2517, 2634, 683, 8467, 1353, 5616, 1552, 4547, 2907, 3286, 7039, 6398, 6121, 7337, 855, 8947, 3167, 1855, 562, 7832, 5000, 6930, 474, 4227, 1354, 5657, 8304, 6931, 8844, 3451, 1425, 375, 354, 5232, 4891, 7395, 6354, 4832, 682, 8051, 7238, 2094, 1688, 6079, 2865, 204, 3428, 9331, 7441, 6854, 1940, 1081, 9448, 4207, 8230, 2984, 390, 2536, 2056, 7356, 1961, 3527, 5053, 5278, 8876, 6151, 2378, 664, 2275, 4463, 1072, 949, 831, 1843, 4474, 8922, 1901, 2383, 1697, 7418, 7447, 1929, 7778, 3283, 9801, 1088, 2186, 6537, 3688, 9568, 8562, 5959, 6193, 2490, 4512, 5928, 7433, 501, 8113, 735, 75, 1800, 3614, 9198, 712, 5249, 368, 3049, 3011, 326, 8012, 7610, 6724, 6281, 4387, 1282, 5189, 6412, 8800, 4347, 3533, 4142, 9222, 9387, 6662, 8261, 3202, 6426, 5344, 4381, 5531, 2258, 973, 8403, 8367, 3273, 6, 1400, 1848, 3998, 487, 1298, 1570, 6357, 9154, 2837, 8523, 9302, 8258, 5732, 1630, 2868, 1430, 4398, 4852, 4310, 351, 7299, 1852, 8306, 1717, 969, 3895, 1702, 891, 6644, 4765, 9099, 4296, 6200, 2291, 4170, 7223, 8778, 8276, 6657, 1776, 288, 3409, 2467, 2537, 9057, 2418, 3290, 6477, 3040, 7836, 67, 3555, 7809, 6940, 6058, 2345, 7193, 230, 5789, 2853, 7156, 3979, 5266, 2403, 2801, 3126, 523, 1052, 4161, 4795, 9939, 700, 5648, 7840, 6705, 317, 3459, 4502, 1377, 9427, 4735, 1221, 581, 2380, 2, 8767, 2240, 6997, 1679, 1506, 8779, 1260, 8535, 418, 2270, 792, 3026, 1363, 7992, 227, 1262, 2377, 1864, 2761, 1779, 9606, 8512, 1553, 8998, 1293, 5736, 3411, 1731, 1724, 2764, 9972, 155, 9218, 5341, 7444, 570, 1250, 2750, 2636, 9794, 3514, 7326, 5782, 1115, 5771, 978, 3863, 1371, 9684, 1467, 566, 4903, 5655, 4143, 5564, 1127, 597, 6728, 4790, 208, 3174, 3466, 8623, 1898, 9544, 3683, 9486, 761, 177, 3187, 7962, 583, 4231, 4081, 1862, 8267, 4506, 1198, 4482, 6580, 7505, 573, 1396, 5209, 5986, 2348, 213, 4761, 1274, 1243, 2934, 7325, 2326, 977, 4799, 1751, 478, 5295, 126, 6090, 4940, 3899, 8542, 5614, 2848, 5325, 1646, 2722, 2653, 9755, 5044, 3758, 2802, 8831, 2797, 4125, 34, 7138, 4581, 4150, 412, 113, 5574, 3149, 9178, 9617, 4109, 1068, 1359, 9180, 8202, 9203, 5728, 2650, 1457, 9309, 2441, 1706, 1609, 5567, 5717, 3357, 2607, 820, 6024, 280, 5917, 7645, 3893, 4037, 167, 8279, 5738, 5216, 6388, 5134, 6933, 1420, 6591, 604, 333, 7768, 5397, 9156, 455, 134, 7767, 2662, 6287, 1918, 3193, 1755, 8465, 6448, 1049, 6181, 4551, 1027, 5168, 4782, 1239, 3993, 9485, 3051, 2389, 1977, 1287, 6210, 1483, 4285, 7425, 4424, 5402, 4308, 3479, 2555, 5854, 1237, 7905, 1360, 5471, 3388, 654, 5017, 5714, 269, 459, 2910, 7330, 9026, 944, 7017, 401, 5298, 4407, 4225, 2448, 4847, 8536, 9575, 3020, 4039, 1686, 5454, 3841, 1913, 4749, 7986, 4688, 3780, 6734, 5058, 694, 77, 5386, 4446, 1321, 4211, 3704, 3512, 3024, 2927, 8648, 2095, 1118, 6697, 9526, 5935, 382, 1033, 425, 9933, 4026, 3475, 2217, 2998, 5395, 2766, 9785, 4553, 8789, 1269, 1680, 5703, 6370, 4879, 4544, 663, 1611, 5633, 7230, 2817, 2646, 100, 3292, 1136, 7711, 1830, 5221, 8010, 5569, 7804, 776, 1447, 736, 4247, 2244, 5118, 6708, 5131, 2982, 9585, 515, 1078, 7347, 47, 7961, 6215, 3540, 6039, 699, 8808, 217, 1996, 8591, 1422, 3692, 148, 1471, 3477, 2955, 2476, 1703, 5926, 1778, 5521, 3570, 6260, 2058, 7585, 3220, 1047, 1479, 8847, 7911, 4635, 5227, 7386, 3615, 8291, 7007, 2101, 118, 3653, 9187, 2995, 8832, 1320, 7446, 9758, 2320, 3189, 5096, 1912, 1985, 9876, 86, 9672, 460, 3631, 8397, 2593, 1599, 4107, 745, 9007, 17, 5417, 9118, 4857, 8275, 7512, 3697, 9746, 6685, 5102, 7560, 9021, 5508, 9245, 6874, 705, 2391, 9453, 6461, 1392, 5174, 5718, 1421, 1281, 9818, 1887, 6335, 7749, 1229, 4770, 909, 417, 1586, 1264, 1028, 9552, 8284, 9666, 7469, 1091, 851, 2991, 5664, 3881, 1200, 7082, 264, 4760, 182, 9002, 518, 3566, 2986, 9607, 8187, 394, 2787, 1534, 3953, 3433, 6430, 1944, 8092, 7377, 3972, 2615, 4886, 2754, 5334, 3546, 6023, 9081, 3887, 1487, 1554, 905, 864, 9941, 5083, 8132, 7020, 2951, 1647, 3599, 9796, 3987, 1821, 446, 7021, 8002, 4101, 1184, 1711, 929, 3678, 8977, 4144, 9304, 1882, 6450, 9150, 3927, 66, 2796, 2881, 3075, 426, 9347, 3453, 9836, 6534, 6380, 3494, 3033, 5769, 2222, 3235, 6451, 693, 1975, 2770, 3489, 3355, 678, 6099, 7054, 2574, 9072, 3458, 862, 8915, 4315, 607, 1140, 3380, 4383, 6800, 6603, 1268, 1773, 1592, 3731, 561, 6896, 1859, 2964, 1973, 4016, 8849, 5519, 8243, 970, 3830, 1492, 2423, 1085, 9988, 6431, 173, 642, 3426, 7713, 2687, 6797, 2390, 5188, 5534, 1642, 4440, 5453, 2745, 2524, 8207, 1871, 2923, 5464, 3946, 4736, 2092, 6741, 5407, 6753, 2820, 9143, 2108, 3885, 9399, 2841, 1771, 5456, 2196, 7411, 387, 2146, 472, 7060, 9455, 3951, 1228, 6659, 1093, 6890, 3460, 8393, 7514, 8705, 5416, 3849, 2075, 565, 1788, 7375, 7817, 5806, 3397, 3306, 8666, 4252, 6322, 760, 5515, 829, 498, 1405, 9983, 6252, 4689, 961, 2271, 3547, 1665, 84, 6351, 8672, 4751, 1781, 6420, 6758, 840, 9051, 1604, 5350, 4917, 1121, 5113, 313, 5499, 3113, 5795, 9102, 7261, 1762, 1397, 388, 5514, 8127, 6093, 6369, 5770, 8134, 2227, 8927, 8491, 1531, 7109, 2884, 1904, 4748, 5606, 8965, 1573, 9592, 5177, 6790, 7042, 7250, 8278, 4675, 4012, 5422, 1145, 1370, 319, 6774, 601, 8565, 1998, 6976, 9289, 5767, 1705, 1772, 9065, 6336, 2605, 202, 7482, 9916, 3844, 6152, 2079, 688, 5877, 83, 2462, 9819, 1347, 4873, 2279, 9418, 1390, 2755, 7775, 4173, 1684, 5518, 5511, 4777, 1797, 4400, 1766, 558, 1498, 4416, 5414, 1199, 5156, 2155, 1015, 2230, 4163, 3914, 7335, 7100, 1062, 3168, 5444, 5680, 3374, 493, 511, 1438, 1950, 8102, 4764, 1615, 537, 1167, 4521, 3878, 9616, 8242, 2526, 7919, 1063, 1557, 3708, 1503, 1006, 7771, 5652, 1612, 6779, 2123, 1382, 9747, 6139, 2556, 6230, 2242, 1587, 6283, 6327, 875, 3272, 2667, 5455, 3850, 162, 3349, 4747, 258, 1892, 7255, 2278, 8928, 2670, 131, 7515, 2352, 8842, 8914, 6005, 2494, 9493, 5513, 6481, 8887, 2007, 422, 5034, 3889, 1248, 3463, 94, 958, 5798, 7180, 4376, 8167, 1930, 371, 7142, 7128, 5, 2044, 1632, 8784, 6026, 6787, 6148, 5274, 1819, 6240, 1212, 2930, 6033, 8177, 4561, 1404, 871, 1917, 7856, 3062, 2137, 734, 5332, 658, 6373, 2130, 5320, 9295, 6915, 1073, 3654, 7149, 6911, 5886, 4295, 224, 9924, 1584, 4425, 3318, 4970, 1355, 8083, 697, 1909, 1854, 2883, 4773, 8557, 5239, 7989, 4649, 6663, 5307, 768, 3381, 7366, 4269, 637, 4990, 9770, 9984, 7055, 4447, 1877, 5315, 739, 4714, 396, 7459, 4193, 189, 3973, 7318, 1456, 3043, 6562, 6150, 4307, 1935, 7765, 2693, 2793, 8948, 3117, 5826, 6898, 4356, 3311, 6837, 5425, 5670, 5441, 2372, 1532, 9317, 2498, 6032, 1656, 1623, 7271, 3802, 2549, 1927, 1488, 4268, 1790, 9077, 6053, 589, 4664, 3461, 6776, 4848, 8369, 9850, 466, 4019, 8389, 2743, 3396, 5762, 4154, 1853, 8938, 2938, 5665, 4162, 8855, 10, 7750, 1044, 8952, 6553, 8544, 618, 4242, 3314, 232, 9950, 6828, 822, 9400, 2247, 6483, 3083, 2728, 7984, 7618, 3118, 90, 5729, 2573, 5401, 414, 9618, 4976, 782, 1753, 7333, 1897, 249, 5956, 7233, 237, 7182, 3776, 2435, 943, 6250, 575, 5735, 2596, 1023, 4914, 2213, 7714, 691, 4055, 3210, 5125, 6174, 9771, 1726, 6882, 4343, 2358, 130, 5214, 4251, 6936, 9160, 4738, 3148, 4496, 228, 6517, 4312, 5041, 1522, 2442, 4869, 7874, 4959, 3753, 8554, 2373, 9989, 9093, 4915, 2104, 4060, 1008, 2939, 716, 6721, 2290, 1677, 8499, 8986, 1585, 3115, 9332, 1000, 1348, 5224, 3926, 4201, 2599, 2551, 1525, 188, 5715, 9995, 972, 9550, 1980, 2712, 8781, 9609, 4362, 8198, 6429, 5645, 141, 8772, 5072, 935, 5043, 9367, 6939, 3138, 5751, 4999, 1610, 1638, 1059, 3839, 4960, 7947, 1754, 8307, 1232, 8685, 9096, 5343, 4102, 4449, 3528, 2603, 1391, 7146, 4441, 5272, 4623, 2520, 5968, 3595, 11, 6732, 6082, 1858, 6132, 3974, 6527, 4084, 2619, 684, 6650, 4335, 578, 6318, 1238, 4822, 3012, 7731, 60, 3804, 9220, 5902, 3122, 4058, 8636, 7923, 7303, 7697, 7152, 8322, 5638, 2223, 4169, 9074, 804, 4485, 5699, 3350, 540, 1822, 8412, 5888, 2288, 2696, 171, 7141, 7579, 4028, 3505, 1689, 2109, 9694, 8384, 2623, 2582, 7025, 386, 2527, 5695, 8414, 633, 115, 6042, 128, 2948, 6598, 7120, 3022, 3562, 1174, 3132, 6410, 2550, 6028, 5116, 146, 9669, 6647, 8302, 3767, 1825, 533, 4913, 4098, 5705, 4164, 1266, 463, 2892, 2074, 5901, 9355, 2306, 4339, 8303, 6745, 9292, 5931, 4567, 1181, 5595, 2100, 138, 4062, 8601, 4188, 9353, 1119, 9699, 650, 4176, 89, 7211, 4696, 6928, 273, 7789, 9389, 4432, 9341, 3788, 3343, 9520, 9763, 3739, 4174, 3989, 8111, 1561, 1249, 7978, 3513, 7089, 3101, 3784, 2449, 8431, 6262, 676, 2649, 4224, 3137, 3897, 3155, 3070, 6891, 567, 461, 7935, 1215, 8710, 5191, 8213, 6696, 5075, 1844, 2030, 3860, 9613, 2426, 4972, 7478, 7043, 6366, 8372, 1395, 1272, 1246, 70, 8053, 7011, 7024, 6912, 2611, 1177, 1265, 5509, 8229, 7266, 218, 4253, 4077, 8709, 4953, 9006, 9561, 1399, 133, 110, 3792, 3108, 6130, 2157, 7835, 4336, 6677, 3123, 2148, 135, 5321, 5243, 2262, 2267, 59, 1537, 7181, 1655, 3302, 1454, 8220, 4047, 4413, 3879, 2346, 5159, 2365, 304, 8505, 9018, 3104, 8898, 8173, 4301, 2749, 6907, 4533, 2713, 6674, 800, 1343, 266, 8593, 1695, 4727, 2153, 1267, 6384, 3766, 1154, 3940, 1329, 6668, 8313, 4662, 8192, 8199, 6923, 6977, 7429, 1794, 3372, 4442, 919, 2640, 714, 6498, 8350, 5154, 1804, 6325, 4701, 9193, 1510, 1308, 2318, 9029, 8585, 6653, 2917, 7668, 1608, 3044, 4888, 1143, 896, 4445, 1661, 241, 884, 7706, 7896, 6513, 7614, 3312, 4612, 1943, 2514, 3085, 7546, 9584, 5336, 8857, 2697, 7841, 731, 1084, 3036, 7939, 8091, 2778, 7712, 265, 7122, 1626, 6514, 434, 39, 3393, 41, 3434, 7243, 8190, 1692, 648, 7963, 4261, 7563, 8290, 7998, 2017, 6187, 2540, 5605, 8315, 3261, 6701, 2774, 2807, 9056, 4673, 5784, 8415, 3227, 1701, 7783, 2149, 3280, 9934, 5066, 1964, 1883, 1469, 6067, 2004, 5601, 9469, 1245, 5292, 9129, 3991, 9551, 780, 2862, 4392, 6308, 2299, 3945, 8941, 1842, 3534, 3589, 551, 8226, 427, 5653, 9128, 2176, 5547, 7008, 1565, 7825, 8892, 178, 7327, 2232, 3559, 2873, 1805, 1523, 3107, 6098, 9443, 5040, 2485, 1123, 1411, 3801, 1419, 9239, 7094, 8963, 5979, 4282, 4557, 5020, 9092, 2508, 5197, 1176, 121, 6903, 4717, 1760, 1566, 8088, 602, 3183, 6158, 4187, 3228, 8238, 8026, 4415, 6333, 7659, 1984, 45, 4257, 3762, 9859, 233, 3073, 4897, 4737, 8125, 1618, 8925, 181, 4952, 4369, 2515, 3406, 7611, 4056, 1170, 2150, 5089, 1018, 8475, 5218, 5408, 1959, 4707, 3438, 6969, 9653, 4082, 9062, 491, 467, 2243, 1808, 5400, 8184, 2857, 1251, 1080, 5776, 7188, 3153, 7110, 5161, 5501, 3794, 6330, 3859, 2542, 9707, 5242, 5808, 9185, 9998, 9948, 3709, 2051, 2581, 9417, 2916, 7084, 5583, 6161, 886, 2010, 3598, 3586, 6075, 4123, 1280, 6123, 2891, 6119, 1477, 4153, 1875, 4041, 9512, 2208, 7960, 250, 7888, 2228, 3857, 6751, 5199, 4136, 7535, 1235, 9670, 2731, 5037, 9495, 7850, 3100, 9194, 7317, 5505, 5683, 2869, 6285, 9264, 1010, 5726, 1567, 3742, 5796, 327, 3414, 2187, 8268, 5946, 1403, 6737, 7821, 7779, 796, 4323, 6268, 1835, 2855, 6237, 2016, 9461, 6000, 2312, 2257, 4256, 3790, 1988, 680, 7034, 2659, 788, 6664, 916, 3621, 361, 5659, 5626, 9951, 3685, 2436, 3076, 881, 2274, 5457, 6183, 1809, 730, 999, 9439, 723, 3394, 8823, 4065, 7956, 296, 6092, 7354, 4926, 496, 1324, 3313, 5418, 9348, 3478, 7987, 3999, 2429, 6274, 3254, 49, 7164, 7928, 3391, 2669, 4583, 4470, 4527, 8301, 4303, 7430, 8768, 9397, 5170, 1216, 4437, 8495, 2971, 4320, 8933, 2117, 4317, 818, 4275, 6482, 3387, 290, 9538, 4128, 2022, 9870, 7194, 2783, 7081, 8208, 1414, 1256, 2265, 5250, 656, 4191, 2465, 5015, 7634, 1415, 4238, 9262, 2660, 7316, 6876, 7046, 2741, 384, 1514, 9173, 220, 7130, 521, 2266, 3169, 4889, 2945, 5819, 8442, 1617, 5504, 61, 3800, 5955, 6646, 8032, 2301, 71, 1341, 4898, 1574, 1890, 1919, 7051, 870, 6722, 5449, 3877, 9856, 8600, 1810, 2651, 5071, 1920, 8913, 7428, 88, 7704, 9250, 6137, 9542, 2905, 8537, 109, 902, 7916, 7145, 3344, 3992, 3082, 6095, 3640, 6296, 763, 4479, 1505, 8517, 6009, 1712, 5074, 5184, 2238, 1090, 7643, 7390, 499, 65, 9726, 3774, 8743, 3376, 1328, 522, 1378, 1089, 7991, 7402, 2981, 1022, 3622, 274, 7964, 378, 7878, 5186, 1197, 7064, 3303, 3773, 3071, 1270, 9176, 4899, 437, 3843, 8338, 8015, 5604, 7080, 3663, 470, 1112, 9829, 6221, 3239, 4711, 1945, 9303, 6239, 5284, 2107, 85, 4939, 174, 8249, 8354, 729, 2533, 245, 9172, 7597, 5364, 666, 4741, 3337, 5912, 254, 1331, 6772, 3471, 9932, 4092, 9614, 2901, 8586, 4971, 1217, 4929, 2160, 9182, 2151, 9893, 2591, 6438, 665, 9565, 7692, 4318, 7324, 2215, 1201, 4057, 9545, 2190, 3958, 2085, 2576, 8681, 9043, 1012, 1952, 3520, 9927, 7769, 2759, 3094, 9440, 330, 6699, 2088, 8104, 1005, 6841, 1009, 4924, 536, 7442, 5580, 1160, 255, 4878, 4603, 5541, 2922, 3977, 2252, 4969, 675, 6300, 6998, 7568, 2860, 210, 5246, 4198, 2544, 2194, 6595, 1682, 9492, 8071, 753, 108, 8528, 1667, 9468, 4805, 8308, 3723, 5612, 8510, 5571, 3954, 2676, 5948, 3211, 4957, 7068, 9246, 9488, 7079, 353, 7723, 2316, 5299, 3659, 9926, 7465, 6083, 706, 9141, 3425, 6034, 4204, 429, 7092, 8803, 2580, 3091, 5586, 564, 6191, 1313, 659, 1836, 4379, 7777, 2779, 591, 6170, 6025, 2960, 2561, 952, 2421, 6671, 3500, 2854, 2861, 593, 4762, 7897, 2360, 4113, 359, 715, 3330, 336, 9410, 4420, 992, 645, 1446, 3833, 5708, 2125, 2321, 2480, 3095, 7644, 8807, 9498, 7983, 2405, 4426, 3086, 5998, 4212, 2758, 4513, 80, 1327, 3281, 2680, 4167, 9144, 3557, 1159, 1956, 9456, 4541, 1539, 3055, 8628, 5967, 692, 5135, 1603, 4354, 8896, 7063, 5337, 2407, 9647, 6086, 7468, 415, 3151, 124, 5852, 7969, 1365, 5930, 2740, 226, 4093, 9361, 203, 6700, 900, 7700, 2993, 3604, 3431, 1719, 6144, 2628, 4455, 7224, 7661, 3985, 1595, 8706, 6386, 3769, 2195, 9894, 7635, 7174, 6077, 1416, 2753, 836, 2870, 6529, 560, 7144, 8688, 3682, 5741, 7500, 7865, 1820, 2525, 5934, 8438, 9750, 3988, 6056, 590, 542, 9952, 2362, 8493, 608, 6910, 1149, 1069, 7807, 9667, 4620, 3287, 5666, 6852, 4206, 3498, 9312, 5173, 923, 5778, 3157, 9533, 2489, 2539, 2078, 6877, 8622, 8973, 2124, 7123, 6244, 1745, 7334, 3997, 9404, 7229, 3711, 7619, 5148, 3864, 3854, 5793, 3333, 4628, 2165, 2614, 9529, 1301, 6142, 936, 2344, 3224, 3661, 8929, 7032, 4596, 9999, 7339, 5105, 8271, 4430, 3655, 3892, 3249, 1891, 6512, 8815, 4772, 3835, 2974, 2091, 433, 3571, 6880, 4636, 1687, 8825, 1847, 2417, 6303, 6981, 2506, 4709, 52, 114, 6040, 3267, 450, 9531, 953, 6076, 9466, 7367, 211, 2629, 4834, 6897, 3882, 3072, 9714, 1152, 1168, 781, 8228, 6085, 9038, 2942, 8846, 6996, 3366, 6535, 3718, 9445, 6302, 3473, 2824, 1978, 3420, 4344, 4032, 8314, 3389, 8690, 4656, 1520, 8429, 6906, 2202, 3264, 2367, 3245, 5180, 1967, 4890, 5743, 4454, 7556, 2769, 4370, 1056, 5127, 3968, 3549, 3965, 4133, 2087, 2531, 8932, 8294, 6149, 9236, 5157, 957, 2354, 6502, 5835, 5673, 4552, 3299, 6320, 6350, 8618, 7770, 7554, 5092, 179, 4157, 8570, 8457, 9268, 1502, 3154, 2334, 3342, 9944, 4363, 4105, 7828, 4740, 5301, 2184, 3852, 1011, 2009, 9593, 4892, 6824, 7867, 3884, 448, 5701, 9169, 1870, 1098, 8391, 7183, 3300, 639, 6832, 4350, 6679, 5047, 2307, 3825, 3657, 2876, 9935, 1462, 3032, 5746, 5231, 8655, 4987, 6003, 4380, 4876, 9320, 3618, 3144, 1409, 7792, 9273, 7857, 8712, 6126, 5405, 3006, 4395, 786, 8858, 184, 331, 9562, 777, 1857, 3694, 2908, 3093, 1144, 345, 486, 8597, 6342, 5760, 3721, 3644, 48, 416, 5911, 1179, 6199, 6757, 4240, 9710, 3568, 6443, 7028, 4602, 9459, 5551, 6968, 8210, 8081, 7630, 9346, 1122, 352, 4974, 247, 3163, 3957, 8693, 5727, 1173, 6784, 3582, 6392, 1075, 2829, 2970, 3362, 759, 5512, 9780, 4116, 3485, 5849, 4925, 3608, 1545, 9847, 1803, 1575, 8163, 5305, 2277, 9499, 4937, 7930, 1276, 9197, 8782, 8042, 653, 7352, 464, 176, 7112, 9985, 4858, 2976, 2335, 9025, 1491, 6556, 930, 1255, 7289, 572, 4262, 2409, 6605, 1709, 3645, 6279, 6495, 1465, 10000, 928, 2812, 5296, 1314, 5390, 2677, 4986, 3672, 253, 9063, 2830, 6332, 1765, 7609, 2071, 6346, 7762, 6021, 8107, 9249, 5824, 5613, 1004, 743, 9824, 5050, 5273, 1860, 2940, 3246, 6748, 1796, 8277, 8333, 8185, 701, 4507, 652, 300, 3923, 8599, 3250, 5630, 3579, 6710, 6113, 8503, 6545, 8342, 7391, 9518, 4494, 8556, 7518, 4258, 668, 9878, 7773, 4856, 8000, 9602, 310, 5270, 5719, 5677, 1271, 6803, 2315, 4368, 5503, 4352, 9588, 1714, 4908, 4134, 1833, 3332, 5313, 8285, 9523, 5219, 6672, 8598, 1995, 6353, 9422, 3705, 151, 8209, 7543, 3930, 3112, 2080, 6432, 2756, 7341, 38, 6499, 7119, 4910, 2483, 5553, 4949, 5529, 2497, 9838, 1908, 111, 4501, 9626, 3959, 3480, 8726, 6816, 3274, 621, 3256, 1086, 3772, 3243, 8176, 1185, 2402, 2032, 1131, 5196, 4721, 2193, 7076, 43, 7018, 1840, 3194, 2858, 7, 5895, 4605, 3646, 294, 8326, 2552, 1597, 5146, 4692, 4186, 3405, 4117, 3190, 3975, 3436, 8516, 1124, 191, 592, 1038, 3632, 6963, 2446, 5093, 3021, 2479, 6720, 18, 5482, 9793, 5222, 624, 3751, 4755, 9630, 8935, 5850, 915, 2702, 2106, 6845, 1972, 1291, 9919, 1394, 3962, 1202, 122, 5916, 4595, 3535, 727, 2144, 1602, 5271, 4786, 4456, 3867, 9432, 1162, 5994, 8783, 8676, 8830, 6899, 817, 8103, 2027, 206, 9259, 56, 7016, 8841, 8508, 2602, 4674, 5833, 3483, 2233, 2805, 125, 4590, 5064, 4548, 9539, 6884, 4530, 3481, 4543, 1571, 629, 3215, 2621, 7272, 2666, 7245, 1678, 9124, 3575, 4434, 1474, 475, 1039, 7872, 7090, 4385, 9872, 8339, 5858, 5366, 8571, 4156, 5086, 55, 4716, 9481, 667, 3145, 6344, 7308, 2777, 3816, 1663, 1472, 4119, 1986, 504, 3929, 7030, 4358, 2652, 7504, 4022, 8885, 3468, 5845, 119, 1916, 8065, 8805, 7720, 2166, 462, 5663, 7995, 6526, 6518, 2168, 8617, 6987, 825, 9885, 7161, 7139, 6578, 5862, 4388, 3323, 8817, 8181, 9199, 3467, 2413, 613, 6628, 3548, 5754, 3354, 3820, 9719, 1713, 4570, 5812, 5488, 813, 2776, 9887, 2152, 7887, 5406, 7369, 9327, 9373, 8396, 3225, 8023, 3427, 4014, 9621, 4938, 2408, 3008, 2586, 4272, 708, 5378, 8298, 6888, 8741, 5932, 2543, 7746, 9729, 169, 6214, 2997, 9882, 4586, 5038, 2726, 899, 156, 7208, 2500, 9701, 8776, 3600, 5527, 9266, 752, 748, 2932, 3982, 4624, 3238, 2097, 5152, 9680, 2933, 7932, 2827, 3196, 3560, 7323, 897, 7108, 3777, 6568, 7567, 3602, 6811, 2957, 7853, 5856, 7096, 6505, 8404, 7757, 8874, 913, 4050, 1029, 4145, 7682, 2425, 8976, 3039, 6704, 2272, 3628, 2116, 5490, 3422, 5303, 5628, 5922, 8260, 7591, 1459, 8224, 54, 8373, 8753, 1242, 6459, 728, 4010, 6421, 1727, 3902, 946, 772, 9857, 1164, 3725, 9233, 8713, 4537, 3403, 4406, 6823, 4124, 4394, 696, 5323, 847, 2468, 8362, 267, 4863, 8526, 7186, 3919, 8154, 3574, 4846, 6964, 2035, 6625, 5837, 6165, 4942, 5487, 4021, 2914, 6059, 3412, 2925, 9799, 2050, 6895, 6609, 2169, 8939, 8992, 6338, 3162, 6921, 2332, 7555, 5269, 8263, 9225, 5650, 4981, 9490, 196, 9483, 9881, 9476, 6278, 2357, 4518, 9231, 6406, 525, 5141, 8616, 6684, 3936, 1960, 5049, 3143, 1815, 2949, 2084, 2989, 5984, 9329, 872, 7564, 2422, 341, 5966, 6641, 1113, 8353, 4831, 924, 3177, 9648, 377, 5436, 7676, 866, 4756, 8068, 8216, 7671, 7862, 1813, 812, 3871, 8578, 1076, 6909, 3567, 6140, 544, 7359, 9911, 3983, 937, 6746, 2944, 2105, 7819, 5259, 5878, 2245, 2571, 1310, 5933, 9519, 3310, 4787, 6843, 1129, 6204, 7803, 1652, 1598, 9226, 7636, 9217, 5446, 8448, 6004, 4678, 3025, 1690, 6723, 6872, 8245, 9678, 2856, 9343, 1694, 6875, 3059, 9920, 3941, 4168, 9121, 8492, 8576, 3472, 4110, 1236, 1549, 2461, 8345, 4615, 6493, 5028, 1339, 5388, 8530, 3716, 4076, 8318, 5841, 8696, 922, 4366, 3815, 6925, 962, 4265, 5920, 4823, 7523, 7926, 5477, 3005, 6703, 7409, 1468, 6284, 8255, 7226, 9137, 3383, 6133, 9159, 8553, 8996, 9438, 477, 6836, 8675, 3690, 1720, 5491, 4341, 9841, 8568, 7190, 5238, 9858, 6830, 8484, 6735, 4887, 6676, 927, 5755, 7747, 9681, 9891, 5373, 4682, 257, 8117, 1761, 1210, 3384, 4151, 2863, 6404, 8024, 2175, 4742, 5286, 9689, 8221, 5106, 5954, 4417, 1622, 5085, 497, 4958, 9851, 1994, 7996, 2135, 9368, 1366, 8084, 7729, 2076, 8975, 4927, 9624, 9170, 8379, 4896, 9235, 6833, 6496, 5995, 2370, 5634, 4912, 9392, 9195, 5297, 8281, 3633, 2255, 9114, 4648, 2639, 1489, 4408, 8652, 3336, 8296, 8058, 7549, 4314, 1342, 1876, 4691, 7343, 5279, 8691, 9136, 7717, 6363, 5451, 197, 1596, 3216, 2284, 9148, 3724, 7270, 520, 5535, 6919, 9713, 1685, 8317, 5098, 1448, 1826, 848, 7990, 4919, 469, 4166, 5256, 3938, 7241, 2795, 2618, 8041, 2980, 9921, 2668, 4182, 7798, 2609, 5549, 1517, 4713, 5725, 9643, 9402, 5637, 5468, 2259, 3320, 1082, 7304, 2235, 764, 5562, 9804, 2197, 7866, 3142, 5357, 2771, 4342, 1284, 704, 8865, 4657, 7093, 8169, 4094, 5123, 6581, 4481, 5636, 3248, 7002, 3795, 3110, 8780, 8064, 7739, 3165, 8769, 1234, 3334, 6934, 8643, 1999, 2458, 4661, 2241, 8443, 9603, 6954, 8162, 9839, 3487, 2569, 9591, 7150, 7605, 1166, 9356, 7413, 4995, 2487, 9376, 3407, 8970, 4836, 4695, 3262, 9631, 7877, 4486, 2062, 8130, 6340, 655, 3531, 3536, 6018, 4042, 8253, 8790, 3335, 312, 5662, 8758, 3516, 1548, 4325, 8964, 2941, 6589, 976, 5244, 5195, 4006, 2406, 8749, 2401, 9001, 9601, 4728, 1993, 1171, 6908, 502, 5009, 5115, 9637, 3358, 2844, 8843, 4524, 9429, 3660, 4127, 1146, 7072, 5506, 5110, 2282, 5684, 6736, 6062, 4078, 5723, 3840, 2624, 1937, 762, 9039, 8008, 2081, 9307, 7722, 4606, 2471, 685, 2281, 7216, 5539, 105, 6347, 4928, 669, 5710, 4046, 1444, 8166, 8760, 9962, 1001, 8411, 9283, 1253, 7974, 8175, 6878, 7796, 2276, 3365, 2059, 6539, 4744, 5787, 9378, 7728, 6063, 5485, 3594, 4604, 6112, 4063, 6259, 7727, 4226, 968, 3141, 5763, 7745, 8937, 1106, 6815, 8881, 9054, 2431, 5151, 5160, 1681, 9164, 527, 9943, 1207, 8018, 6693, 9015, 4788, 4448, 6216, 2612, 1660, 3054, 6887, 6464, 2962, 8454, 7955, 1051, 9931, 7533, 1134, 2340, 8894, 1799, 9003, 6538, 5387, 8869, 1443, 5342, 5921, 219, 9508, 4469, 3918, 3641, 6176, 8047, 1054, 5559, 5893, 7493, 4220, 7407, 8498, 443, 5133, 7176, 5361, 3294, 5627, 3550, 308, 5411, 3947, 3924, 5114, 3370, 7656, 5470, 495, 7781, 4115, 8057, 3102, 835, 44, 7203, 9744, 1693, 9265, 7538, 8981, 3949, 7891, 1345, 2889, 1155, 605, 1334, 3259, 7279, 8757, 3851, 9238, 9010, 1128, 8583, 1100, 6582, 490, 1194, 8480, 6211, 619, 2363, 9525, 5722, 3986, 9992, 8299, 3158, 4293, 7050, 2224, 5588, 6983, 9130, 3917, 8123, 4214, 4031, 9146, 784, 8374, 3712, 3756, 431, 1676, 51, 8890, 256, 6516, 5147, 2732, 6623, 737, 3241, 7381, 164, 5228, 7654, 8204, 9549, 2564, 73, 5871, 1653, 5752, 5942, 4797, 2548, 9126, 3449, 1650, 5843, 5164, 3700, 3363, 5137, 9695, 9978, 617, 7260, 5479, 5283, 2067, 7829, 9276, 5734, 2627, 4140, 3537, 9350, 9578, 1519, 6428, 1103, 3270, 3870, 6851, 4074, 8848, 1045, 5644, 3880, 2554, 9484, 8811, 2994, 3789, 2691, 4382, 9528, 6359, 2736, 7908, 8883, 538, 2138, 554, 6147, 5757, 7663, 6750, 5731, 8978, 6869, 3265, 6849, 4349, 5340, 6503, 3648, 4451, 657, 342, 6202, 6607, 4671, 2872, 719, 1562, 6706, 8050, 981, 7666, 2765, 6860, 9305, 4072, 6217, 5803, 6073, 8453, 1997, 7649, 9886, 1496, 3530, 890, 3503, 201, 5493, 7487, 9248, 9162, 7694, 8589, 8118, 7074, 5756, 4720, 3135, 4902, 2268, 7483, 1407, 8875, 2012, 6081, 2111, 885, 8611, 7613, 8179, 8504, 4700, 8141, 6691, 7537, 8225, 798, 679, 6372, 1527, 5846, 185, 2308, 6399, 2961, 3339, 2188, 6153, 9868, 8859, 8357, 4259, 3208, 4208, 1431, 6417, 261, 9301, 1007, 755, 3585, 2386, 8629, 7899, 6446, 2463, 5095, 9828, 3297, 9548, 6559, 3004, 7035, 8170, 2045, 1736, 6814, 1578, 6101, 5346, 2818, 5560, 2341, 4340, 1142, 661, 439, 9008, 9848, 9521, 7184, 1126, 2682, 4564, 7615, 1594, 7790, 1769, 2319, 9595, 4640, 9615, 74, 7178, 4499, 1466, 646, 1401, 7914, 1923, 898, 7849, 1153, 3969, 7033, 2597, 9181, 1577, 8942, 8337, 4112, 5993, 1432, 980, 9865, 2143, 8839, 4576, 4918, 5700, 5876, 6317, 606, 6046, 2260, 1065, 7380, 195, 4241, 2893, 4731, 9105, 4719, 2978, 8513, 1156, 1349, 8136, 2129, 7801, 7782, 3763, 8158, 6198, 1473, 5740, 1074, 8046, 3088, 4443, 2147, 5165, 8930, 7436, 8217, 5421, 207, 1846, 742, 25, 3057, 6424, 3178, 2069, 4472, 1101, 485, 3087, 9421, 1247, 948, 8100, 395, 9474, 1903, 3643, 1600, 3518, 4172, 4961, 8911, 9509, 5696, 6905, 7788, 6156, 8569, 4658, 8907, 1643, 5280, 4767, 2816, 3675, 8449, 6766, 2484, 6961, 9513, 4796, 1542, 8639, 5660, 7688, 6951, 4572, 2055, 7945, 2459, 7293, 3603, 9774, 5309, 2159, 5087, 8270, 7701, 5412, 8761, 4885, 8195, 7097, 8609, 4249, 2053, 9424, 8679, 1750, 6390, 2225, 6364, 1963, 7733, 8489, 9216, 5463, 7612, 4118, 4132, 7376, 1326, 6383, 3356, 4872, 596, 8572, 8452, 3684, 2229, 4864, 99, 4946, 3462, 9277, 6762, 7909, 9737, 6319, 4401, 1669, 9567, 8734, 2031, 9036, 3430, 8223, 7364, 5730, 3027, 6920, 6116, 9986, 6796, 6396, 9917, 2447, 1486, 7844, 2440, 7606, 2011, 8257, 6172, 4271, 8642, 9767, 9004, 5223, 3, 2475, 4645, 4306, 8150, 9133, 5882, 1588, 2534, 5739, 9597, 1759, 1738, 892, 8903, 9692, 5868, 420, 2093, 1222, 2953, 9808, 9192, 1273, 8742, 1861, 8478, 838, 4966, 7569, 4070, 5816, 8650, 5203, 8481, 842, 8649, 8324, 139, 6945, 9970, 5890, 9766, 430, 8647, 9183, 1311, 5883, 9735, 9, 1954, 7681, 3834, 983, 5698, 3338, 600, 6488, 6393, 5420, 9598, 5428, 8206, 4345, 8545, 9068, 3620, 7758, 7589, 1013, 6055, 7284, 1214, 3656, 8236, 8435, 9095, 1275, 6743, 1550, 5524, 9675, 4099, 1666, 2200, 6966, 7424, 4299, 4476, 6389, 2840, 2836, 453, 4930, 223, 594, 4672, 3671, 3691, 2616, 3064, 2714, 1718, 4302, 6709, 9097, 503, 2427, 9923, 260, 4538, 7670, 1099, 9897, 1743, 1624, 9414, 3018, 2931, 8120, 7467, 6947, 3234, 4802, 5779, 9040, 3096, 9783, 4234, 8621, 7813, 5610, 4216, 8991, 2410, 6599, 7302, 7148, 5773, 5139, 480, 1441, 2396, 2399, 7882, 9541, 625, 9748, 3014, 5971, 3698, 9811, 8014, 5018, 6269, 8687, 5978, 1507, 9496, 8034, 8182, 1869, 6904, 1818, 8514, 451, 9656, 2825, 1042, 440, 956, 9369, 7540, 400, 1204, 7282, 1031, 9048, 8488, 4003, 2119, 5247, 3729, 1725, 6510, 7432, 6403, 6564, 5172, 3813, 9142, 9731, 3175, 9017, 7677, 9366, 5589, 3522, 2898, 2519, 2720, 2254, 3702, 6579, 4219, 2587, 889, 9041, 8543, 3588, 9145, 8624, 62, 7448, 7511, 2368, 7622, 5500, 5654, 4500, 6100, 7476, 2535, 1593, 1114, 1450, 9286, 6427, 6280, 9299, 27, 2140, 4687, 9174, 149, 4979, 7047, 4629, 7698, 6291, 6078, 1648, 3581, 4319, 144, 3818, 8902, 7091, 6071, 9845, 7642, 6612, 4575, 5899, 4111, 9396, 6835, 4233, 5287, 299, 6201, 4457, 5909, 7200, 8994, 7837, 844, 1716, 1798, 2199, 9351, 5822, 5632, 409, 5128, 6739, 3400, 7738, 7499, 1802, 7349, 8287, 7457, 5689, 5382, 236, 3971, 2492, 967, 9639, 2048, 6886, 631, 3543, 7665, 8418, 6304, 6102, 2060, 9789, 4993, 833, 3457, 7460, 4489, 5424, 4814, 2293, 4334, 1907, 903, 3441, 7678, 2673, 9821, 9938, 8711, 6818, 8561, 7133, 8387, 3452, 92, 7629, 5997, 5794, 8944, 8399, 6530, 2289, 5523, 2416, 5014, 5483, 1055, 163, 7153, 6929, 7679, 1226, 5584, 4882, 2641, 6656, 5827, 9027, 1362, 5056, 3858, 8659, 7508, 6452, 2070, 4200, 4752, 2411, 8788, 9293, 7004, 263, 6648, 918, 4630, 9582, 1161, 9370, 3861, 5963, 4069, 2019, 8833, 1856, 5568, 4427, 8877, 2577, 7559, 5545, 9135, 2598, 7943, 1764, 5029, 8989, 7104, 1439, 7716, 4083, 6497, 6066, 7502, 9900, 8895, 4103, 1344, 794, 4492, 5100, 7365, 9677, 7173, 6272, 8413, 5108, 4294, 7350, 6520, 9711, 9282, 5949, 947, 9753, 2839, 1107, 8390, 5082, 7029, 4945, 7383, 3796, 3464, 9622, 3016, 3146, 9738, 7598, 3097, 6973, 1801, 6213, 7869, 2273, 1368, 6057, 9788, 4194, 7893, 5646, 7296, 7471, 9458, 6463, 9866, 7730, 2295, 4322, 8422, 4100, 5433, 4141, 8774, 9272, 5183, 4659, 2789, 8094, 1294, 4578, 7165, 406, 3637, 3106, 8707, 7001, 6407, 5641, 530, 9206, 471, 7626, 4329, 7624, 8119, 4197, 1885, 746, 2578, 1196, 7959, 6543, 6938, 5565, 4277, 4067, 4023, 8665, 882, 4826, 4478, 7601, 2723, 6769, 4778, 6080, 2311, 3034, 5608, 994, 8810, 2809, 7942, 7374, 6027, 3943, 2751, 3203, 3090, 8272, 3823, 5354, 6667, 1244, 7673, 5528, 5027, 749, 9659, 5775, 4907, 5236, 2752, 5480, 36, 4598, 6730, 8943, 1257, 4059, 7599, 3693, 3476, 9875, 7115, 5182, 8931, 9382, 3960, 1851, 8483, 6271, 7401, 5306, 8241, 816, 778, 6827, 147, 9884, 243, 5474, 7925, 7066, 4792, 9807, 681, 6773, 7422, 7608, 2681, 7421, 1730, 7410, 9581, 1048, 6967, 9179, 4510, 6848, 5618, 7664, 1148, 6551, 5692, 3743, 1357, 3806, 7085, 7684, 5369, 4029, 785, 6020, 9625, 5381, 3019, 4011, 6484, 8234, 9342, 6522, 5117, 5879, 8197, 9386, 4621, 7403, 3063, 8139, 4820, 7215, 5126, 2928, 7416, 3508, 569, 806, 2655, 4515, 3421, 7743, 6378, 6051, 6844, 3619, 5171, 3301, 627, 6842, 4801, 1906, 1035, 8062, 6134, 6415, 4916, 8972, 3103, 4677, 5001, 5358, 1536, 3247, 5526, 6074, 6507, 8909, 8904, 2683, 6812, 6801, 4783, 4766, 4410, 5765, 4941, 1412, 3437, 9398, 6437, 7019, 8019, 5073, 3455, 4774, 4399, 2026, 5923, 6212, 8980, 8720, 7648, 6858, 9569, 3184, 9221, 1872, 5265, 9685, 7534, 5163, 1458, 3506, 1203, 6862, 8137, 6341, 9009, 4064, 5204, 9649, 293, 773, 3379, 5445, 7858, 7799, 8437, 318, 3556, 3375, 3136, 5996, 488, 445, 3639, 4180, 6856, 5629, 5516, 7724, 8752, 5619, 8638, 1639, 3507, 7880, 7931, 4080, 5759, 6542, 2207, 3321, 4769, 1463, 8678, 7253, 9873, 1866, 2890, 3052, 98, 7220, 5786, 7715, 6632, 5828, 4332, 6447, 9354, 4871, 3786, 8021, 1763, 7577, 6314, 4860, 7313, 4686, 2819, 6425, 4542, 5202, 2924, 3486, 9501, 6713, 9270, 8746, 8766, 8138, 9288, 8886, 9279, 3361, 7439, 5599, 4998, 9450, 9473, 8630, 7408, 931, 8533, 5962, 1749, 8682, 1384, 7628, 5724, 1634, 9328, 8288, 7901, 5226, 7199, 3179, 8958, 180, 7361, 9761, 3439, 4523, 9050, 5375, 3395, 3740, 1605, 9642, 9457, 1627, 911, 9888, 5254, 2349, 7929, 1070, 374, 4138, 4880, 4997, 9956, 7650, 8311, 6536, 1951, 4601, 6547, 444, 4568, 9033, 9475, 7627, 8791, 6349, 1654, 1795, 2375, 7023, 6971, 4085, 7957, 6861, 3569, 5317, 5318, 9596, 4351, 5413, 4391, 9671, 1497, 5804, 1410, 6189, 7621, 8605, 1306, 4120, 7052, 4131, 2162, 7126, 6749, 1470, 3681, 376, 4650, 6661, 9191, 1939, 8897, 2002, 1125, 3679, 1296, 3398, 5713, 9676, 8956, 4286, 8116, 8240, 454, 380, 7251, 7160, 6820, 8926, 8775, 3848, 2760, 1445, 6892, 6069, 9315, 6619, 6617, 8477, 8346, 3921, 3896, 9913, 3329, 4803, 9308, 7370, 5815, 3317, 1834, 8606, 3315, 9479, 6474, 5430, 6235, 8052, 4607, 1361, 4725, 4587, 4273, 1292, 4097, 4465, 8827, 1512, 9393, 7362, 9664, 4968, 4665, 7491, 9674, 6577, 9925, 5078, 5006, 5667, 837, 8027, 5573, 3260, 7696, 5498, 3744, 6941, 3916, 6952, 5857, 3963, 3874, 8661, 3558, 3580, 3221, 2120, 4643, 832, 2708, 6301, 1982, 9837, 7854, 6257, 4589, 3781, 2261, 4599, 559, 8575, 2832, 7240, 3746, 7859, 3289, 2546, 6740, 3121, 5143, 5484, 7481, 6932, 7045, 3853, 8038, 2385, 9813, 2351, 262, 5019, 1476, 1524, 5142, 6422, 283, 771, 2216, 4487, 2887, 6449, 2443, 1304, 1621, 6783, 7988, 6125, 1849, 9375, 4183, 8082, 8955, 157, 7075, 8646, 4464, 4326, 9973, 2601, 7924, 7662, 3046, 2491, 4171, 6683, 6519, 9733, 3738, 8433, 4833, 5380, 2253, 5582, 8135, 235, 1606, 9338, 8426, 8482, 8191, 251, 6768, 9480, 6913, 3590, 5452, 6255, 3133, 3865, 963, 489, 6764, 5548, 9437, 7793, 2613, 8331, 2563, 3045, 6999, 3803, 9208, 7431, 5791, 612, 7315, 3446, 6299, 4613, 79, 4305, 3232, 636, 7503, 6821, 6247, 7732, 315, 6935, 4018, 9968, 2014, 6164, 6738, 2902, 4562, 3369, 4361, 793, 876, 3056, 5144, 7273, 6295, 6439, 7372, 8640, 6655, 6528, 7528, 5399, 670, 3636, 6180, 6258, 5532, 6111, 8017, 3171, 4147, 8785, 2763, 5892, 6866, 335, 925, 9415, 7198, 1563, 2034, 8063, 845, 2445, 5392, 9084, 4497, 8525, 4994, 4005, 9703, 4460, 5316, 4027, 3037, 6400, 2482, 9212, 6733, 7846, 166, 8548, 4771, 9540, 305, 2815, 3911, 3564, 3195, 3084, 7683, 9087, 8028, 9204, 6436, 2189, 3493, 1480, 7371, 8129, 3279, 6974, 7210, 9571, 8771, 4246, 5339, 9318, 9227, 7204, 9805, 6831, 7954, 9960, 9306, 2369, 3539, 7811, 8148, 614, 9715, 5874, 3829, 5702, 9655, 5327, 4554, 8153, 4964, 1540, 5802, 2912, 6678, 616, 6669, 6826, 2353, 3382, 8729, 494, 6475, 5063, 9131, 4049, 6433, 6348, 9380, 926, 8871, 8334, 2665, 5080, 950, 9344, 4679, 2966, 7915, 8566, 3325, 6857, 9997, 9803, 7472, 6965, 8574, 8009, 8099, 7802, 8364, 1845, 2606, 8856, 2985, 7623, 9612, 2047, 398, 5167, 31, 5965, 6256, 5450, 5623, 6809, 1733, 7452, 6702, 6441, 7140, 2645, 5973, 4390, 2198, 8140, 8419, 3875, 2454, 5898, 8421, 2658, 8835, 6563, 5800, 452, 9451, 7461, 7389, 6956, 4894, 8714, 2725, 7526, 2037, 4126, 2954, 3727, 9640, 7871, 4743, 2336, 2371, 4702, 4433, 9718, 6544, 5061, 8603, 8172, 9844, 2511, 2472, 1040, 9267, 8146, 9472, 5225, 1453, 3450, 9580, 3821, 4549, 6901, 7795, 5010, 8248, 7105, 1915, 8744, 1601, 626, 8424, 7399, 7480, 758, 7763, 1752, 7580, 5900, 526, 3779, 8101, 9721, 9420, 2625, 1737, 5960, 9662, 7026, 3161, 5624, 3817, 2359, 4729, 8251, 9201, 9167, 8737, 8075, 3665, 5596, 8610, 1340, 8689, 9271, 3554, 9572, 6376, 2177, 4330, 7949, 7655, 6808, 5913, 4625, 3327, 7646, 1576, 3793, 7833, 4784, 8356, 7522, 7099, 6864, 9274, 1183, 9945, 1225, 9372, 3925, 3331, 5831, 2263, 9500, 6642, 4950, 7044, 3295, 7300, 5543, 9070, 8256, 6485, 5348, 7387, 8829, 2977, 2589, 7542, 6879, 4724, 1924, 29, 5419, 104, 2929, 6467, 9049, 7262, 3995, 1386, 4982, 3952, 5331, 4758, 4453, 3291, 8343, 8126, 8787, 7820, 921, 9470, 7753, 4588, 6105, 5310, 252, 8450, 5215, 5385, 3364, 5747, 1516, 2600, 9278, 6698, 1958, 9704, 6044, 7117, 6103, 8793, 24, 5213, 7870, 8121, 9791, 7197, 6651, 4471, 2558, 8193, 1841, 4546, 7232, 4550, 286, 8069, 4558, 7162, 5607, 193, 7976, 8292, 8717, 6639, 1413, 8891, 8233, 4750, 9281, 5810, 357, 3482, 9583, 9579, 9140, 5166, 7742, 8518, 7937, 726, 9537, 2729, 6893, 3276, 7177, 6690, 1305, 3003, 6829, 2747, 9691, 5668, 5716, 2068, 7657, 9100, 7525, 5438, 3469, 8286, 9802, 5277, 1408, 3838, 7103, 8254, 6548, 8608, 6402, 9168, 6104, 3630, 9646, 8936, 7823, 733, 2834, 3856, 3529, 955, 7205, 30, 5561, 9213, 7520, 3284, 165, 9645, 1946, 6622, 4851, 1528, 9605, 7423, 3200, 2936, 7975, 5905, 1865, 3488, 5039, 350, 7737, 5563, 1057, 2791, 2132, 2518, 3346, 9061, 4321, 4033, 68, 4556, 8721, 7530, 6611, 5410, 4812, 6802, 82, 1886, 6316, 1, 5374, 2513, 7351, 8496, 8336, 6293, 4973, 5367, 3511, 4355, 7438, 8410, 2559, 8750, 2794, 6760, 7455, 8371, 7242, 6665, 5820, 9224, 1641, 8330, 6177, 9019, 1014, 1352, 9257, 4670, 5880, 5003, 8178, 9251, 7940, 2705, 3251, 9898, 9082, 720, 6358, 5707, 72, 6374, 4534, 2464, 9313, 7292, 6627, 1511, 5594, 2823, 3385, 4746, 7111, 4254, 6107, 8684, 3768, 3017, 6654, 6962, 6234, 7551, 4053, 4106, 8394, 8359, 9285, 8680, 3277, 1583, 4854, 2965, 1240, 7808, 5079, 9384, 2118, 9909, 8380, 8341, 5577, 8115, 8440, 6834, 8395, 7861, 557, 6418, 3218, 9491, 1881, 1670, 878, 9489, 6096, 4815, 3613, 9394, 8627, 3836, 2063, 8764, 7944, 8171, 6155, 4843, 3573, 8809, 1780, 3593, 3081, 6658, 6490, 8966, 9658, 8934, 1461, 1406, 6068, 5322, 4412, 4627, 1141, 9768, 7864, 9290, 7368, 8715, 22, 4560, 8159, 6192, 6478, 8348, 3268, 4421, 6048, 4159, 7760, 1631, 3347, 5897, 8580, 8455, 6590, 4274, 4845, 5448, 9127, 9163, 7477, 2983, 7912, 6885, 8231, 428, 6946, 3515, 2678, 5847, 9554, 3127, 6775, 2486, 4733, 2249, 9446, 6629, 7999, 7281, 3783, 7311, 6306, 1932, 9820, 8246, 4865, 9693, 2950, 9291, 5945, 5834, 6624, 7332, 3319, 9751, 4232, 4458, 4488, 7419, 5362, 7400, 9706, 893, 9090, 9311, 3120, 8509, 7479, 6265, 9600, 2381, 9430, 7474, 1899, 8377, 1888, 8025, 2878, 9532, 9971, 7275, 4090, 6725, 3873, 6457, 4816, 4668, 8613, 998, 5187, 3401, 587, 9460, 63, 6810, 9899, 4509, 4842, 9688, 3901, 5112, 4036, 1628, 9627, 6937, 3847, 6275, 4462, 7086, 212, 5788, 5022, 2248, 6356, 8663, 6208, 6994, 5285, 8464, 3371, 8602, 4422, 7552, 4202, 6712, 8786, 4684, 5925, 4571, 7490, 4580, 1729, 4181, 725, 8506, 859, 5261, 5371, 7590, 8837, 5101, 1948, 7791, 4870, 9058, 6456, 7631, 5817, 8949, 4693, 3499, 8061, 5090, 6094, 2073, 3538, 8378, 9275, 2481, 7592, 9728, 8149, 4179, 6110, 1330, 9835, 97, 9827, 9511, 1385, 3928, 9752, 6561, 2679, 9449, 9849, 483, 3328, 9764, 951, 5338, 6916, 1189, 8577, 8889, 4631, 1358, 4593, 2671, 5687, 7993, 435, 4436, 3204, 3737, 9690, 9110, 8200, 7691, 3278, 7578, 6434, 9113, 1046, 7620, 5475, 4013, 8719, 8814, 5570, 1777, 6377, 5676, 1747, 3192, 3862, 6190, 9385, 5919, 7259, 8527, 7573, 9255, 2748, 4585, 8862, 8196, 7070, 5753, 9700, 6975, 2338, 4776, 3316, 1060, 4594, 9260, 9940, 9158, 9790, 1083, 8013, 3490, 4367, 1579, 8727, 7675, 9879, 3111, 9864, 2733, 9423, 42, 2588, 8840, 8773, 6752, 1979, 9907, 9712, 6761, 4199, 5907, 595, 4327, 6576, 4830, 3967, 7440, 4710, 3173, 8917, 5088, 3650, 6525, 7787, 282, 703, 7202, 5985, 9586, 7892, 8365, 6091, 9644, 5176, 8703, 8310, 2090, 6533, 6343, 1863, 8795, 6855, 9786, 1734, 8321, 366, 3129, 7815, 2918, 4528, 4452, 8155, 324, 5678, 5442, 5447, 5384, 1921, 4280, 9371, 6196, 5961, 7310, 8259, 563, 4196, 8096, 7283, 5999, 4619, 1309, 9157, 2626, 7231, 2355, 7172, 4377, 9977, 9869, 933, 9253, 9442, 7572, 7031, 8704, 6008, 9149, 8953, 5951, 7206, 5720, 7071, 7462, 9716, 5686, 7384, 9953, 3799, 9069, 2810, 8582, 9013, 7570, 2803, 6711, 7087, 8203, 7822, 6570, 4697, 1302, 6035, 6979, 2457, 8736, 2926, 5032, 3345, 7098, 2831, 4439, 9252, 2843, 5076, 4663, 2632, 7751, 3610, 8982, 2042, 7561, 7212, 4040, 4582, 9912, 7669, 508, 3964, 3674, 8363, 1509, 9115, 2568, 4000, 4004, 3701, 2814, 8265, 7507, 7307, 6163, 7595, 5314, 1398, 1970, 4985, 35, 6231, 7557, 7571, 9465, 6419, 9059, 7185, 5712, 1770, 6719, 6411, 9683, 3058, 8490, 7473, 4435, 8697, 6926, 7453, 4566, 9741, 9723, 5473, 298, 4715, 9433, 6532, 6744, 2455, 379, 6050, 6943, 6600, 9620, 7069, 8813, 5944, 1636, 2689, 6382, 2804, 1016, 9853, 8381, 6143, 6128, 9345, 9739, 9028, 8451, 8945, 4255, 9991, 9360, 1741, 9042, 9777, 8351, 5229, 4829, 4694, 7816, 5688, 5013, 5264, 9390, 7348, 6560, 577, 9177, 7539, 9702, 8870, 116, 7485, 9641, 6185, 2415, 4813, 3668, 1785, 2310, 3609, 7295, 5544, 5067, 7228, 1955, 1558, 272, 2204, 718, 8906, 8, 8039, 2420, 7985, 7254, 574, 7057, 6022, 6982, 6334, 8884, 9990, 8866, 5033, 8398, 2470, 8954, 9654, 3207, 7219, 8001, 3166, 5255, 9902, 9215, 6052, 744, 9724, 5572, 2811, 9314, 9416, 6254, 9560, 4690, 7280, 5363, 8320, 8300, 8549, 8912, 4411, 5062, 3658, 1910, 993, 2808, 2532, 9337, 4419, 6531, 2342, 6917, 9974, 5749, 7237, 4653, 6054, 40, 5289, 3524, 2828, 9452, 4428, 6509, 6195, 3205, 6471, 7938, 8540, 4933, 8660, 7040, 8423, 6853, 7234, 8004, 9787, 8215, 3934, 6958, 9116, 4386, 5840, 1137, 7113, 7881, 5721, 5258, 2303, 364, 2064, 4610, 8066, 2428, 7157, 6565, 7495, 6019, 7248, 6552, 7213, 6413, 5252, 9730, 7385, 8546, 2637, 6688, 9482, 2757, 6575, 5811, 6789, 6049, 9052, 8347, 9184, 4963, 7363, 4024, 2894, 9381, 576, 5814, 9510, 246, 9906, 3898, 8077, 7638, 3214, 3447, 2557, 1381, 3206, 2694, 8335, 5642, 3597, 9000, 8873, 4034, 8595, 1026, 7124, 7106, 4804, 849, 4002, 9364, 9976, 9434, 4404, 8049, 3908, 6652, 4266, 9651, 9340, 5158, 6838, 5904, 1151, 4734, 5502, 5025, 9230, 4944, 3495, 9942, 6948, 6286, 9915, 1521, 7885, 9826, 7222, 9831, 4402, 8765, 5241, 713, 9023, 8183, 9405, 9240, 9863, 3432, 8029, 4371, 7726, 3443, 4270, 7927, 9929, 8905, 7170, 7151, 2478, 6065, 9527, 9426, 6558, 6197, 938, 9237, 7831, 6367, 2988, 5150, 4054, 7195, 3553, 9633, 9155, 2179, 8045, 2575, 9982, 8444, 6248, 8151, 8005, 9435, 9379, 9471, 2477, 7558, 5950, 2025, 3525, 3042, 276, 5263, 8567, 4139, 6371, 8708, 6795, 2969, 6194, 7131, 3612, 7249, 7015, 9101, 9076, 4505, 4165, 9134, 8122, 5838, 358, 7826, 9918, 8801, 7022, 5952, 3984, 7037, 843, 9358, 2798, 9822, 9189, 7903, 6405, 9634, 5267, 6805, 9089, 2512, 9619, 6521, 932, 7077, 5982, 5761, 3577, 1224, 9294, 8476, 8962, 7127, 4223, 3805, 6416, 8515, 9297, 8733, 6345, 1504, 5190, 4279, 4563, 3212, 3150, 9321, 9979, 1172, 2314, 9830, 1900, 9957, 4276, 2718, 7950, 5830, 9122, 4213, 7227, 6959, 6029, 363, 9120, 6927, 9558, 6470, 7838, 5008, 9947, 6847, 9795, 152, 2434, 790, 8188, 9463, 2590, 5476, 9862, 4278, 8055, 2943, 7048, 8388, 9060, 7674, 9557, 9188, 5379, 7187, 9214, 6631, 6288, 9359, 9464, 5774, 4525, 960, 6604, 6001, 7274, 7602, 2850, 9742, 2086, 9045, 7501, 6566, 1987, 2182, 4920, 123, 8594, 1569, 6355, 5210, 9107, 9806, 2466, 1931, 6765, 3696, 3915, 9219, 7132, 6636, 1811, 1629, 8269, 2715, 9016, 1188, 8633, 2394, 5929, 9502, 1879, 8615, 7818, 6479, 4373, 6695, 7290, 8031, 8735, 5235, 4699, 8637, 8879, 6944, 3185, 271, 2209, 1041, 2049, 2897, 8439, 6794, 7373, 4461, 8983, 8694, 1829, 3625, 7320, 1034, 4877, 9842, 4403, 9079, 8487, 9965, 1774, 5288, 7013, 447, 8579, 7239, 2644, 6379, 1758, 6331, 9732, 3726, 7536, 6261, 528, 3418, 8501, 7845, 9053, 3497, 8723, 4475, 7868, 1942, 1211, 8385, 4754, 7175, 7443, 6501, 8247, 4007, 2236, 4753, 2786, 5744, 8097, 3808, 3035, 4824, 4519, 7458, 4840, 1968, 4739, 4360, 7772, 2018, 9980, 5848, 8683, 2562, 8607, 8731, 6822, 7286, 9636, 6759, 1105, 9832, 3423, 4177, 9937, 8612, 7735, 9975, 7852, 7948, 4375, 8165, 6136, 8108, 9046, 2604, 8751, 4559, 4967, 7776, 4244, 9166, 8147, 6865, 1990, 7690, 1581, 4633, 9411, 6569, 8755, 1061, 7496, 7689, 4284, 9816, 3392, 6889, 5598, 7918, 6781, 5540, 9517, 5262, 5234, 8095, 7143, 1568, 7562, 8344, 3030, 8802, 9553, 129, 6649, 5915, 7658, 9067, 9202, 7921, 6182, 5525, 7256, 7588, 8157, 9066, 3377, 9064, 2313, 5469, 6804, 7498, 5282, 5293, 6468, 5353, 4646, 6226, 7780, 6873, 3832, 9352, 3886, 9205, 4609, 1290, 6264, 6017, 3976, 3340, 9339, 5851, 5896, 3098, 9563, 9280, 5129, 971, 9037, 7336, 5891, 8416, 9020, 9871, 8156, 9444, 7933, 5781, 5542, 7842, 8657, 1533, 7137, 5602, 6368, 541, 8644, 4316, 1286, 4835, 4723, 4365, 4526, 5024, 3845, 6637, 413, 8725, 5443, 7305, 9908, 6686, 1953, 2594, 5130, 3667, 7637, 7898, 9901, 1564, 8463, 187, 9232, 7741, 6924, 8664, 7285, 8558, 4779, 4861, 8984, 7061, 543, 1708, 7764, 5621, 9086, 4051, 4745, 8918, 5068, 8145, 2987, 9779, 268, 4634, 8474, 8999, 4378, 9840, 3689, 2656, 9717, 8110, 9772, 7672, 205, 5783, 8632, 7388, 9574, 8407, 6988, 8143, 7510, 8386, 277, 1715, 3244, 3368, 8312, 7699, 8619, 5818, 3670, 389, 6583, 945, 8016, 8677, 6206, 9892, 1187, 4292, 9534, 9708, 9775, 8662, 5481, 9635, 7291, 6616, 5065, 5194, 3001, 7342, 9478, 7982, 5682, 7524, 7167, 7847, 8441, 4884, 4237, 3448, 9749, 5869, 5030, 4906, 5489, 5579, 8520, 6309, 9333, 8056, 7466, 2899, 9936, 1659, 4477, 4800, 1285, 9254, 9904, 7708, 5661, 4807, 8519, 8327, 2806, 8824, 3757, 9310, 2414, 9153, 4048, 2136, 9269, 7246, 5813, 4290, 117, 7941, 3771, 7107, 4809, 7754, 4328, 64, 311, 6863, 3242, 3730, 3572, 860, 7886, 6978, 7607, 4287, 9638, 6819, 8722, 1789, 5324, 6205, 9743, 5709, 9709, 8718, 5124, 9846, 7038, 9967, 2251, 5799, 8076, 989, 8022, 9377, 7201, 9880, 4130, 6315, 7404, 6763, 9843, 8759, 8634, 8806, 6435, 2283, 6037, 3565, 3031, 4936, 8244, 3592, 7278, 3935, 6305, 4868, 5576, 2821, 4087, 2172, 9514, 6168, 4821, 7189, 6072, 2043, 4669, 3909, 2826, 1746, 7147, 5672, 8762, 5988, 4008, 4785, 9362, 8695, 1560, 5435, 4108, 8852, 6487, 8950, 3741, 5992, 6016, 5432, 8358, 8845, 3966, 8133, 7541, 6047, 4283, 9589, 7406, 2218, 6511, 4911, 297, 4480, 4989, 6394, 6246, 8539, 9005, 6408, 458, 984, 8124, 6914, 8946, 6282, 3591, 7252, 8469, 8893, 8604, 8086, 9781, 1227, 4209, 4789, 5319, 404, 2474, 8459, 7680, 827, 8382, 7398, 399, 5832, 4483, 4409, 9031, 9959, 5947, 4243, 6902, 9244, 8745, 8067, 7331, 365, 5977, 4555, 1493, 4535, 4484, 9109, 3638, 6249, 9098, 8770, 2956, 7586, 3378, 5801, 5201, 5844, 9300, 5585, 9211, 5057, 7328, 6504, 5048, 7920, 5733, 6715, 5175, 5007, 710, 3831, 2528, 9961, 3649, 1482, 6785, 5941, 9914, 5867, 9055, 5281, 3322, 4160, 8990, 7946, 6621, 9854, 9401, 8656, 6472, 2630, 7980, 8951, 8547, 4808, 7521, 8724, 7527, 5300, 9505, 8968, 9652, 8995, 9223, 9408, 2504, 6476, 6184, 3970, 9740, 3811, 6323, 5631, 215, 3492, 7951, 3465, 5132, 6277, 7287, 5821, 7566, 8235, 2768, 4075, 1231, 7179, 6290, 5987, 3583, 7953, 4955, 4775, 1757, 6311, 9247, 221, 3066, 2867, 7437, 6807, 5620, 6894, 9756, 481, 3596, 3341, 6223, 1067, 1064, 6267, 8563, 3616, 1388, 5809, 6813, 6321, 4304, 4121, 9284, 995, 8559, 3198, 4597, 8458, 7396, 6114, 5829, 7101, 1756, 6154, 4757, 8106, 4965, 7049, 306, 4068, 2859, 8816, 7603, 9773, 4991, 2302, 7214, 5940, 3669, 8692, 2021, 3041, 3352, 6992, 8011, 9576, 9825, 4905, 6010, 2364, 7967, 9559, 8152, 6500, 1625, 4893, 9152, 3890, 7269, 4035, 2061, 3159, 5404, 2522, 1878, 2996, 9406, 4875, 7685, 7583, 2541, 6555, 9071, 5486, 6687, 3013, 7451, 2647, 8289, 423, 5268, 8699, 6592, 9419, 7581, 2057, 6780, 4934, 5764, 8194, 9668, 8700, 8144, 7532, 2239, 5308, 8297, 2780, 7553, 7513, 5807, 3707, 1922, 5016, 7344, 7548, 9477, 7973, 8098, 867, 8473, 9241, 9535, 9073, 6660, 9138, 4680, 5903, 5002, 4236, 3750, 2437, 507, 9611, 9454, 2875, 1792, 7794, 6675, 8080, 1116, 9363, 408, 6233, 534, 6788, 103, 8868, 172, 1657, 1926, 5109, 8434, 8089, 8161, 5777, 4298, 456, 9874, 3782, 2885, 7958, 6955, 8059, 4091, 4712, 7710, 6444, 8043, 5651, 5492, 248, 810, 974, 603, 1814, 5552, 7456, 9125, 9566, 8822, 8427, 4667, 2565, 9336, 5533, 9895, 8794, 5936, 9994, 7904, 6541, 2903, 4862, 6953, 6352, 4685, 2648, 9981, 5697, 3526, 1735, 2871, 186, 5859, 5103, 5495, 6337, 1017, 9506, 8479, 5675, 3950, 8908, 2113, 1722, 5649, 9083, 9760, 6469, 6157, 7267, 7576, 3213, 5780, 6385, 775, 3140, 3147, 4793, 4838, 9117, 5478, 2451, 5691, 5750, 6670, 8625, 6972, 5861, 4849, 3686, 1435, 7902, 5429, 7121, 6423, 724, 4490, 8552, 6011, 8838, 9409, 4044, 6572, 7014, 5415, 325, 3240, 5458, 4608, 7329, 6298, 6494, 8670, 2643, 3180, 7509, 8969, 5120, 5669, 9608, 5510, 2785, 3810, 799, 6613, 2005, 3961, 1748, 9629, 7718, 8860, 549, 582, 3765, 9954, 8497, 1723, 8218, 5383, 7264, 4393, 234, 9242, 5434, 8282, 4638, 8131, 2382, 2635, 9151, 9776, 8588, 8406, 7301, 5439, 7268, 9139, 7036, 1791, 1315, 3956, 8273, 1233, 7797, 482, 3237, 2874, 7225, 9229, 4071, 8445, 907, 4632, 3785, 5855, 6454, 4467, 8352, 4881, 4289, 7843, 8316, 7913, 7550, 6203, 5943, 5220, 9930, 4135, 2141, 8920, 8754, 6117, 5550, 8392, 1426, 7890, 7358, 5863, 2990, 6031, 3722, 9503, 988, 4374, 1880, 2973, 6714, 6012, 4263, 6070, 9175, 3754, 4129, 4184, 4798, 5326, 6680, 4780, 8494, 3755, 2521, 8174, 2008, 2231, 5885, 5639, 9395, 3937, 9797, 2685, 7594, 3624, 3229, 1526, 4493, 7907, 2185, 610, 8538, 8105, 7322, 6633, 2979, 5530, 7445, 5012, 8635, 4324, 7102, 6175, 9632, 7587, 8959, 3939, 4020, 7464, 4874, 7761, 4984, 9497, 4222, 4855, 5240, 9867, 9734, 3642, 242, 8747, 3907, 8460, 3910, 9798, 2773, 5185, 3715, 1299, 4579, 7652, 7298, 4189, 6786, 8798, 5311, 7968, 6225, 9910, 3324, 2638, 6640, 8880, 419, 7936, 3131, 7397, 6567, 8048, 8796, 7288, 1620, 6207, 7169, 8070, 834, 4038, 5836, 8405, 7917, 3181, 9108, 2339, 7118, 6270, 8309, 5881, 2727, 1934, 5609, 6179, 4155, 5046, 3798, 9792, 7734, 8818, 7000, 4644, 7012, 1914, 1312, 5333, 7759, 5290, 964, 9682, 8468, 7755, 3128, 5104, 2374, 6038, 5600, 1206, 2203, 2286, 598, 568, 3402, 4703, 5440, 4025, 285, 9852, 8408, 3410, 4810, 8864, 8560, 8250, 8900, 5520, 8997, 3587, 8971, 6486, 6742, 4066, 8888, 5575, 6692, 888, 4333, 8006, 7114, 4666, 8400, 4616, 6375, 1555, 9765, 2361, 6949, 9809, 8987, 7812, 1867, 8114, 8349, 4614, 8168, 6122, 5591, 821, 4844, 1543, 2015, 552, 2688, 5276, 1180, 9391, 5345, 3677, 853, 7848, 3735, 2920, 1905, 2214, 3197, 6550, 9467, 8732, 9011, 2444, 3791, 3304, 809, 6238, 373, 9800, 9573, 1092, 7922, 644, 3069, 3282, 5409, 9296, 8573, 334, 5884, 7774, 9123, 7209, 3053, 302, 7966, 7721, 8211, 9104, 9754, 9035, 2915, 8370, 8957, 3542, 2788, 9623, 3156, 7600, 2882, 3408, 9263, 7971, 5974, 5070, 4508, 6263, 2992, 717, 5237, 1728, 8901, 442, 2937, 8447, 4, 7235, 1427, 8361, 5360, 6229, 4364, 6442, 6186, 4781, 1911, 985, 920, 3869, 5938, 9546, 5153, 1402, 5208, 6859, 6798, 6596, 4922, 519, 8293, 5991, 2617, 3749, 5671, 8596, 2388, 1437, 9861, 9855, 4431, 8160, 7378, 869, 4996, 7434, 5260, 9334, 1317, 6188, 6297, 1254, 8486, 8376, 754, 8109, 7693, 3717, 2699, 4923, 9161, 7830, 5842, 7633, 8974, 8828, 3687, 5918, 6747, 2256, 9778, 6825, 1989, 7725, 4592, 1319, 4574, 2292, 9966, 6329, 3309, 7488, 7357, 8073, 9949, 4337, 348, 8036, 7244, 6120, 7218, 5193, 1485, 8667, 8060, 3298, 383, 2337, 8674, 7756, 8201, 9686, 5391, 3424, 9587, 5233, 1278, 3551, 8819, 9555, 8924, 5169, 6160, 5206, 5742, 865, 9815, 238, 9515, 1261, 8087, 6791, 6173, 7647, 3080, 689, 9823, 410, 6806, 5462, 6310, 6440, 4414, 966, 9032, 9022, 3611, 4730, 751, 7965, 4148, 7116, 329, 9522, 6129, 7934, 8323, 9577, 9431, 6084, 7360, 9946, 3544, 3990, 9727, 1307, 4235, 5908, 3509, 28, 3253, 8186, 8671, 3545, 5251, 5537, 7306, 9543, 287, 3824, 8402, 2003, 8355, 5555, 4052, 9955, 8916, 7136, 6584, 1364, 9462, 6942, 6571, 2719, 3713, 4540, 6782, 8007, 7889, 1884, 6970, 3676, 4539, 1739, 5983, 1649, 6455, 750, 7056, 5958, 3050, 6989, 6087, 1893, 2707, 7686, 8550, 3812, 1220, 7257, 2432, 5211, 1768, 4511, 8383, 3855, 586, 2877, 4618, 1572, 9210, 8910, 6523, 1490, 2516, 8189, 1165, 5036, 5566, 5275, 3807, 9673, 7309, 3888, 5042, 5889, 3944, 4405, 6620, 1957, 1393, 2734, 3002, 6227, 6088, 3231, 5465, 5790, 4205, 2206, 8834, 4291, 2851, 6754, 2412, 7379, 2122, 7994, 1874, 5772, 8360, 1338, 9088, 3759, 4514, 8967, 2366, 7876, 3413, 8821, 2077, 7707, 3606, 9261, 9996, 183, 7810, 5023, 1279, 4828, 6506, 9922, 372, 5140, 2126, 4267, 4175, 3770, 9323, 9610, 5839, 6817, 9324, 8090, 6850, 7981, 6466, 8919, 4825, 5055, 5785, 8631, 8645, 2896, 8456, 9661, 7785, 532, 6236, 8219, 8368, 8850, 6145, 7125, 4260, 2744, 2622, 4429, 4819, 2305, 1288, 4818, 4545, 940, 2269, 6266, 1097, 5349, 2156, 1635, 3563, 6615, 6030, 8305, 5355, 4338, 6573, 991, 3809, 6689, 6839, 6109, 3139, 8205, 1478, 1828, 9365, 4978, 3305, 7134, 8777, 5964, 3778, 8792, 2921, 5939, 4357, 101, 9889, 5051, 547, 1962, 3623, 3904, 2013, 2300, 6586, 8432, 9319, 512, 3680, 2690, 9413, 1192, 3275, 2675, 3172, 5635, 906, 2098, 1812, 381, 1332, 2163, 4706, 4901, 3170, 8993, 6414, 8863, 6645, 2952, 5603, 2706, 8401, 4009, 702, 19, 6209, 9969, 3440, 2356, 3105, 7883, 2738, 4311, 2178, 2835, 2419, 7312, 1120, 2746, 6013, 5245, 4229, 5119, 934, 887, 9650, 9209, 5460, 7873, 4491, 8988, 5467, 4264, 5927, 8738, 5004, 8375, 225, 677, 6339, 5122, 6245, 4088, 959, 5077, 5640, 6218, 5792, 5975, 4089, 9530, 4577, 4001, 6118, 1607, 1102, 438, 6224, 7641, 6043, 4348, 5329, 4637, 5466, 3541, 8531, 7497, 4977, 5980, 6061, 6574, 5643, 2972, 5558, 2127, 5578, 880, 2570, 7492, 3673, 7766, 7059, 8239, 5230, 6918, 7154, 6312, 9412, 7053, 4992, 4114, 1556, 8521, 3942, 2330, 5099, 4079, 2724, 5557, 8417, 2846, 1817, 8280, 1590, 4444, 5472, 6307, 8428, 2935, 9243, 2112, 6868, 3866, 140, 6793, 2538, 8878, 3484, 8425, 7435, 5497, 484, 3868, 1283, 3444, 1675, 4904, 9745, 7073, 6980, 5205, 367, 2103, 6726, 2657, 9536, 3456, 5121, 7191, 1559, 6462, 7740, 8340, 6276, 2052, 5590, 1066, 8180, 1976, 6465, 5094, 8093, 1806, 550, 8799, 7752, 1380, 7392, 6219, 7582, 7155, 4591, 4248, 7041, 6716, 3435, 4149, 8252, 5556, 548, 4651, 1077, 8319, 7463, 6387, 7855, 4438, 2781, 4503, 6638, 3931, 2709, 4584, 7414, 8899, 7970, 6015, 2040, 5658, 3501, 2020, 1130, 9407, 112, 3223, 7314, 4313, 1782, 2737, 2139, 7276, 2065, 3125, 2880, 6618, 9556, 7221, 695, 2309, 4611, 5593, 4239, 3913, 2505, 5207, 5437, 9905, 2424, 3491, 8529, 9388, 7163, 6729, 1500, 6767, 2322, 1071, 7192, 5866, 5107, 2946, 5368, 8332, 1710, 5138, 6707, 2742, 9287, 9494, 651, 4988, 517, 9080, 1971, 8653, 8436, 1289, 2287, 609, 8462, 5592, 8867, 143, 630, 7394, 5924, 8797, 6002, 5060, 8702, 6867, 1925, 8701, 5312, 2879, 1807, 8214, 8054, 1991, 214, 6362, 3752, 8584, 7719, 2661, 4086, 9322, 8470, 5597, 4718, 514, 3134, 3736, 1020, 2453, 2296, 9877, 7196, 6135, 5393, 8079, 3760, 2298, 6243, 57, 403, 7827, 8654, 9958, 2024, 673, 6492, 4529, 3903, 7027, 3605, 7450, 615, 7420, 2400, 3828, 5494, 1259, 4866, 3872, 4660, 2145, 6718, 539, 2392, 6365, 987, 3652, 7489, 2503, 4095, 8626, 411, 6089, 1513, 3263, 2735, 3065, 7516, 2642, 5615, 8923, 3454, 7217, 6045, 6594, 4389, 1673, 5026, 6294, 1325, 2866, 2001, 4895, 3000, 8669, 1434, 2173, 1674, 3130, 6778, 6115, 982, 2499, 5347, 7062, 4309, 2033, 8686, 6169, 9428, 9441, 3188, 5200, 3517, 239, 6549, 9014, 6060, 4217, 5825, 4281, 3912, 3826, 3015, 6124, 344, 5054, 7346, 3905, 9325, 1297, 8037, 7009, 4073, 5797, 2191, 9012, 6166, 7616, 2210, 1787, 7952, 5970, 2523, 1110, 5431, 2895, 7277, 584, 5805, 1637, 2158, 5389, 4956, 3504, 3182, 6840, 9447, 7321, 7294, 2958, 1698, 145, 823, 2327, 3748, 5084, 3047, 2183, 2566, 3078, 3077, 3160, 2584, 3348, 1775, 158, 3629, 4683, 3416, 7705, 3706, 2234, 96, 9103, 4397, 4384, 7565, 1428, 5294, 2703, 990, 4297, 2822, 2730, 3415, 8266, 2704, 3607, 1591, 9883, 7236, 1109, 5522, 620, 9200, 4158, 1150, 5681, 2790, 5423, 2772, 4921, 9119, 1983, 7263, 7393, 2631, 6799, 1389, 2717, 136, 150, 1619, 1508, 6242, 3733, 2700, 1640, 314, 4516, 7860, 1495, 2886, 7545, 1095, 5611, 6127, 1223, 1191, 8728, 3994, 5111, 5873, 13, 4030, 3635, 1767, 9964, 8614, 852, 3822, 1213, 2023, 1258, 9034, 7972, 2686, 7297, 3067, 4146, 3651, 8730, 4768, 738, 5622, 2164, 7135, 6222, 3695, 8040, 707, 1295, 200, 1981, 3007, 1816, 76, 4980, 721, 7834, 6361, 979, 5352, 5737, 3308, 7744, 3922, 3764, 640, 2906, 975, 4192, 1538, 5748, 1323, 53, 2510, 3532, 5031, 765, 7088, 449, 2192, 6950, 8641, 2072, 1783, 16, 9094, 8739, 6445, 1379, 9784, 2054, 4396, 4900, 588, 1346, 6141, 95, 1947, 4617, 159, 473, 1442, 424, 7010, 240, 2046, 846, 9736, 137, 6601, 2343, 4639, 4642, 908, 2181, 6883, 611, 3761, 8466, 2317, 4935, 2221, 2762, 8763, 2395, 369, 3470, 672, 3089, 802, 199, 397, 349]
